3013530
3001840
2991470
2975594
2963119
2942427
2930840
2907055
2897191
2886013
2859829
2847579
2838899
2830674
2817191
2808213
2797100
2783419
2766485
2749359
2739250
2728770
2688498
2692965
2684442
2661061
2663191
2632661
2622628
2602695
2594413
2580723
2566590
2556647
2541883
2534706
2524713
2507771
2500468
2492007
2483852
2461256
2447976
2436256
2428556
2408776
2398356
2380656
2366316
2347736
2330667
2240236
2209249
2184319
2160718
2133806
2093548
2076450
2063176
2043174
2018396
2001269
1995376
1978542
1965724
1953122
1941487
1924421
1897852
1897816
1866739
1859204
1839676
1831407
1810891
1787234
1785414
1743546
1735223
1721654
1666420
1646353
1629175
1610252
1592761
1562764
1562164
1536616
1538788
1516046
1506409
1498765
1467247
1461928
1435417
1409360
1400214
1400181
1378727
1378704
1364782
1349026
1342327
1330311
1325555
1314215
1327452
1323688
1297797
1290958
1284621
1278201
1272516
1247001
1230819
1232743
1226736
1216016
1188913
1183236
1167838
1164394
1151030
1145287
1139922
1132469
1125944
1121949
1118178
1113034
1107458
1101779
1096000
1089107
1081992
1076211
1070838
1064830
1060710
1053291
1047671
1042091
1039539
1035134
1029496
1022594
1015864
1012037
1005817
990680
986213
975817
971617
966389
962081
953460
948383
944217
903893
859670
792704
777313
769800
641205
636772
606272
602421
585597
581571
570907
567498
545151
514236
508448
506218
505248
504729
503124
502269
501317
384150
383845
383694
381641
379300
376134
374308
367211
365181
359205
357489
355112
353360
352515
352183
348941
345124
341852
336460
332833
332051
330534
328236
323830
322796
319382
317665
315762
310930
306549
303849
301353
299157
295685
293411
291469
290133
287831
286238
285070
280324
278476
276609
274946
276404
273035
272287
269012
268092
265563
265684
262793
260750
257874
256175
255656
253769
248448
245108
253671
242857
240483
272682
240455
236156
234215
232014
233977
228503
229459
227210
227234
230798
234173
219663
219717
226239
223248
208344
213859
203241
203356
205323
203330
204826
204865
198366
188280
194313
182987
179606
176789
175208
175290
175276
175247
175235
175222
163298
163359
163430
162685
163381
159544
153571
155049
255950
153520
151220
151233
138859
138844
135239
130994
135226
129902
129888
129875
129852
131295
129630
129617
125319
125490
125223
114669
108515
105783
103701
103167
103085
102868
102792
99977
96267
92755
84537
83880
79173
79204
78973
78607
77556
77481
75577
76372
76380
68814
67933
66451
65971
65445
63526
63485
63334
62065
63342
63238
53580
50087
63039
48529
63030
48511
62959
42411
42404
42392
42372
35043
33447
32206
30408
30401
27651
28569
214762
22899
32232
214748
12527
7885
7902
7538
6617
6592
6424
6138
5948
5689
5684
5666
5657
5465
214956
4547
4372
4284
4021
3894
3812
3532
3341
3166
2786
2465
2135
1968
358274
358234
358198
358105
358080
358189
358027
357994
69610
69605
358476
182
358413
358172
358161
358150
358141
69586
2163
358061
358024
357980
358728
358690
358656
358628
358589
358557
358523
358506
358468
358453
358396
358315
358800
358790
358769
358746
358722
358699
358669
358645
358598
358568
358549
358527
359038
359024
359015
359007
358896
358886
358876
358855
358841
358826
358818
358808
359178
359168
359156
359146
359138
359131
359114
359104
359094
359080
359060
359046
359657
359642
359619
359588
359576
359545
359511
359488
359460
359361
359340
359327
359897
359863
359842
359810
359763
359636
359605
359581
359461
359436
359423
359367
360373
360363
360349
360336
360303
360248
360238
360051
360032
360018
359997
359970
361227
361219
361020
361002
360933
360881
360825
360762
360715
360680
360666
360569
361604
361179
355620
361147
361082
361011
355616
360980
360924
360860
360827
360767
362552
355611
362375
362342
355609
362280
362248
362041
362003
361972
361952
361932
361598
355606
355604
361573
361532
361454
361405
355602
361284
361268
361254
361237
362919
362854
362759
362663
362637
362619
362604
362588
362575
362566
362515
362452
362814
362790
355598
362736
362705
362686
362384
362349
362258
362052
362007
361953
363626
363269
363235
363219
363196
363156
363011
362946
362912
362875
362848
362835
364175
364139
364096
364063
363567
363397
363347
363095
362991
362929
362896
362851
363848
363790
363717
363566
363534
363427
363332
363282
363242
363162
363067
363018
365916
365876
365844
365813
365758
365719
365696
355592
365278
365230
365170
365153
365691
365660
365628
365559
365474
364995
364955
364914
363831
363791
363744
363707
355588
364984
364888
364847
355586
364520
512274
364099
364005
363958
363921
363872
763973
368310
367651
367593
366707
366663
366604
366552
366349
366274
366246
366193
355580
368996
368959
368834
368637
368273
367766
367710
366920
366862
366792
366243
366853
366813
366786
366696
366678
366622
366573
366532
355578
366199
366105
366062
367487
367436
367415
367390
367368
367349
367297
367236
367177
367149
366959
366947
368518
368481
368453
368424
368405
368370
368336
368325
377939
368300
368280
377930
377924
368932
368924
368919
368892
368873
368861
368819
368796
368711
368699
368685
