3017608
3005691
3003146
2987383
2974645
2936727
2915136
2904374
2893467
2876499
2856048
2846757
2836081
2822373
2816811
2800832
2771538
2767532
2749476
2733692
2721891
2693839
2687917
2675056
2666679
2662456
2639987
2631518
2617876
2602557
2591688
2578511
2576876
2556598
2541915
2534974
2524222
2513561
2506160
2491560
2483758
2460459
2446514
2436245
2429653
2407138
2398996
2380716
2371029
2351196
2328736
2241156
2207270
2181207
2157652
2129230
2090108
2072296
2060096
2039368
2025356
2016016
2001333
1999742
1999651
1999647
1966297
1943208
1925037
1920830
1890748
1872818
1858579
1839557
1833513
1821982
1795374
1754326
1735103
1719292
1693041
1661377
1644136
1626550
1599450
1595390
1595389
1595388
1515741
1595384
1595385
1595386
1595387
1515691
2139005
2139000
1454105
1454098
1454088
1387950
1379045
1373281
1361083
1361075
1361066
1361059
1331969
1331955
1331947
1291528
1291520
1291512
1266885
1266879
1235511
1229756
1219816
1190070
1190064
1190056
1165348
1165342
1165334
1145652
1145668
1145660
1126017
1126011
1125912
1125286
1125280
1104966
1104985
1082215
1082205
1073198
1070954
1070948
1070939
1070935
1070931
1070925
1037183
1029488
1029480
1013194
1013186
998337
988514
980823
975809
972593
968472
964092
2134471
863928
792526
644333
640559
2134464
609732
601884
2134461
581842
569067
566778
566786
566824
566833
566841
566886
566891
566897
566900
566940
566933
566943
566970
