3012754
2991131
2965632
2930854
2897145
2869818
2840151
2818696
2797212
2767137
2740010
2717114
2685354
2667015
2637406
2608008
2590181
2540069
2532360
2512050
2486227
2451856
2427076
2405716
2377783
2334184
2212877
2168931
2090150
2065327
2029976
2008176
1978822
1962438
1925820
1897239
1865245
1836216
1806491
1744161
1699775
1649475
1620693
1572626
1551986
1516016
1487632
1456202
1409040
1390085
1374489
1353782
1340961
1330526
1300655
1288515
1273961
1242421
1229863
1189976
1167948
1151314
1142169
1125864
1116715
1109069
1096554
1082369
1070960
1060189
1052438
1041280
1029036
1015530
1005261
986253
971258
962342
947226
889692
838830
769759
637848
604575
581951
566981
543434
506671
505103
503355
384076
382899
379537
369825
361897
356978
352580
345242
345190
334216
330678
328595
319404
312683
306412
301153
296165
291224
287821
285213
278465
275269
274430
268986
267505
264044
259330
255392
245129
242388
242485
234757
234813
235008
227181
223500
225362
208666
205350
208143
194283
182966
174809
174800
