3012426
2984629
2956641
2927299
2898442
2857274
2838344
2800695
2791301
2773212
2756506
2742694
2732266
2716276
2693193
2685690
2674600
2668152
2639988
2636163
2620660
2611429
2602649
2578508
2576966
2559899
2557963
2542661
2538031
2523426
2508834
2493944
2488364
2466486
2460276
2436696
2428616
2405116
2390756
2381996
2367376
2346916
2330087
2246036
2208917
2181796
2168796
2133416
2090147
2076796
2063166
2039359
2030256
2016036
2001562
1989748
1978862
1966989
1952746
1943176
1922539
1898147
1874534
1866296
1854039
1839572
1831327
1810226
1794514
1755884
1737923
1716383
1698223
1661785
1647300
1626135
1613128
1594204
1563821
1551644
1538947
1530818
1515964
1508211
1483101
1466443
1454456
1413254
1394127
1365490
1348583
1331287
1317394
1281881
1255421
1242489
1229899
1217256
1189276
1180176
1165754
1160434
1147518
1142031
1142055
1127854
1122674
1117389
1113322
1105664
1103822
1095408
1080862
1071713
1066051
1059791
1053331
1046931
1039511
1036474
1035594
1028893
1016998
1016978
1005062
988392
984458
971564
966789
966712
957717
945131
945074
864056
846057
644254
637958
