3011882
3005357
2991482
2976729
2936315
2917676
2898374
2891279
2875999
2852156
2843962
2836075
2823359
2798337
2752510
2696597
2689698
2675806
2669393
2664631
2654825
2636925
2631674
2614689
2590528
2576894
2576891
2555235
2480354
2480352
2447476
2435197
2434536
2406356
2390009
2369296
2351436
2213616
2188284
2160598
2076023
2043155
2015996
2000243
1998372
1979462
1967045
1959016
1940721
1922681
1895419
1880066
1865907
1631805
1595422
1569801
1569887
1569888
1569889
1569886
1569885
1496356
1472987
1455664
1459233
1459229
1414665
1403922
1386853
1376142
1366313
1361367
1348478
1345073
1331944
1322464
1295289
1295229
1286462
1276162
1267047
1241854
1232048
1226690
1217821
1217835
1195937
1183081
1167867
1162511
1149633
1147991
1140629
1132512
1125357
1279682
1119621
1113164
1103039
1103072
1103081
1088431
1086451
1071916
1071928
1066340
1066348
1066328
1052128
1040560
1040582
1029386
1029383
1022365
1022356
1022348
1008528
991108
985619
985610
985600
964694
962068
953647
964692
964680
941397
846273
782792
777947
766760
764014
763963
764008
763948
763940
763932
763919
763766
544736
544729
763752
512526
763913
504689
503351
763893
501305
501295
501274
381344
378112
375348
372045
367873
363984
358974
356503
355132
353165
351306
347634
345495
338622
341836
334482
334425
334396
