3000591
2955226
2912126
2872292
2843949
2809623
2752549
2701297
2677339
2634549
2602518
2544049
2517249
2460436
2425676
2382856
2331042
2173637
2090276
2043236
2000775
1961678
1925041
1869086
1836543
1764848
1734160
1665997
1618588
1558897
1525902
1519390
1452012
1375972
1373576
1373596
1349332
1315325
1247238
1217728
1217666
1144359
1144366
1144375
1144382
1144389
1144396
1144403
1031859
1027313
1027321
1027328
973381
904080
904073
904067
571758
991118
567170
567162
567155
501071
969637
372765
367884
355146
351092
345107
333424
331624
333104
331636
331648
357783
331662
333151
332925
333140
332084
332100
270985
270955
270974
332132
332148
332159
332168
332180
332198
332218
197892
197149
197177
