2988524
2966278
2911992
2891449
2856149
2830539
2808687
2775083
2737799
2658850
2620784
2597757
2578702
2543581
2522968
2501654
2480741
2431211
2379776
2333112
2187671
2089125
2071389
1978802
1922649
1883612
1824795
1749603
1670679
1667062
1592451
1592434
1541880
1459352
1456650
1391729
1380584
1348246
1322432
1287620
1267070
1242471
1216370
1177352
1132960
1132956
1132952
1118890
1108956
1089733
1057977
1041680
1035570
1031120
1013208
954339
937503
857076
641865
592642
568522
508352
505282
503112
502807
384192
375360
371578
367701
358923
349194
351936
345966
344588
333580
331499
319806
323216
311531
299917
289121
292469
280277
274440
267580
262009
254180
248621
242224
242223
243439
234528
234313
234782
212094
210376
214037
197405
185403
176979
174666
162124
158439
152610
151254
146370
136035
130844
128762
125137
116873
103724
103162
98163
96602
78919
78949
76894
72551
66443
62029
50020
62061
46157
62058
45075
45072
62070
28865
27633
27632
7474
6462
6041
5505
4468
4078
3872
2514
356924
861
289
356914
356909
356901
356893
356887
356876
356869
356859
356850
356842
356835
356827
356819
356810
356802
356789
356778
356770
356757
356744
356733
356725
356715
356707
356698
356689
356683
356678
356674
356669
356662
356654
356651
356648
356643
356635
356631
356628
356625
356622
356619
356616
356612
356608
356603
356599
356596
356593
356589
356586
356583
356580
356571
356566
356561
356556
356551
356546
356540
