3015772
2997039
2957788
2906142
2893450
2856350
2841330
2823318
2799630
2772377
2742144
2700084
2668245
2660259
2628069
2605175
2578041
2555516
2528384
2508028
2487241
2450142
2432622
2395116
2371656
2339123
2220357
2160158
2108242
2049697
2027216
1989727
1970392
1944345
1870103
1857914
1754399
1734213
1706591
1667053
1613676
1568318
1552285
1538902
1516512
1502793
1462153
1455248
1411509
1391289
1379759
1346330
1326554
1314690
1284320
1255443
1236457
1219092
1206035
1217856
1183907
1162349
1147954
1131342
1120582
1101821
1089023
1082036
1066100
1059513
1044731
1039488
1017460
1008731
990308
972639
962446
950620
876638
792538
765568
636865
602382
602220
585265
581771
567112
506147
505241
504794
502102
502090
382780
375827
363647
355541
355483
347476
337244
333979
331605
331524
324133
320211
316542
301970
300515
293347
290179
285055
278298
274787
273865
268999
265910
263867
258128
256303
256292
235809
234752
234533
233551
226643
227595
227683
210118
210332
210346
201019
200836
195613
185675
179812
176584
174652
174644
174147
153724
174130
151261
138027
146585
146637
128749
147508
115234
116825
103516
102782
96559
79147
77600
78935
76359
65950
62044
58562
48014
44483
42282
42267
31846
28869
23005
7531
6490
5925
5383
4904
4221
3828
3149
2455
1634
828
62
2422
2157
2402
322374
322358
322344
322326
322307
322290
322276
322261
322248
322234
322217
322203
322186
322169
322154
322139
322123
322108
322092
322077
322063
322047
322033
322017
322003
321992
321978
321958
321941
321921
321906
321892
321879
321864
321850
321832
321812
321796
321784
321765
321752
321738
321724
321707
321694
321679
321662
321650
321637
321623
321607
321592
321574
321556
321541
321526
321510
321495
321479
321466
321450
321439
321420
321406
321386
321371
321356
321341
321328
321312
321296
321281
321264
321250
321239
321229
321217
321203
321186
321172
321160
321150
321138
321127
321119
321105
321088
321075
321062
321052
321043
321033
321021
321008
320998
320986
320964
320954
320941
320932
320924
320911
320893
320881
320868
320856
320843
320831
320825
320815
320809
320802
320795
320789
320783
320776
320772
320764
