3013746
2992189
3001647
2942477
2996501
2872492
2824005
2823437
2816997
2817023
2736246
2736222
2736196
2674852
2633049
2591204
2578970
2578911
2525568
2525542
2502376
2502350
2428663
2428696
2369183
2369156
2317330
2182751
2365056
2109150
2042997
2042972
2042947
1959441
1959415
1959389
1959363
1959337
1816262
1816288
1721711
1665838
1618562
1569732
1552193
1514070
1514016
1514051
1453698
1399562
1373990
1373452
1373476
1322413
1295257
1295237
1279660
1241832
1217687
1217708
1217644
1143396
1148663
1217619
1133553
1115526
1103543
1088742
1074047
1066626
1056408
1046014
1032157
1024578
1008463
987232
973492
965996
948928
941374
874097
771516
638334
611408
581876
581862
581849
508325
506824
504611
504626
504640
383576
379383
365401
358910
355154
348744
343571
336108
332973
323983
319510
316739
312233
310888
299905
300386
294357
288396
279405
274747
276286
270856
268715
262028
261600
255228
245220
242670
241053
234766
230719
225989
227248
219753
218389
225996
208389
204472
218315
196667
192414
189520
189419
187037
178221
174376
173982
169931
159907
153377
168670
