3015562
2982568
2892241
2876000
2875131
2798338
2774955
2764453
2737798
2661171
2617568
2616590
2594460
2578853
2556945
2499913
2457459
2414416
2379810
2331140
2133390
2043635
2000494
1921598
1899396
1870085
1842722
1842713
1734222
1667072
1596519
1540530
1502787
1456645
1391978
1371574
1346325
1315575
1276927
1243991
1225275
1189756
1176249
1147224
1138464
1122012
1113316
1103323
1060576
1044322
1029174
1010621
985793
974734
945511
937332
858481
778553
643120
643114
566392
511442
508366
502109
384169
379525
369534
361026
364996
353735
352222
347823
333296
301677
295251
290274
280265
272991
268403
259207
249204
244804
240896
235025
232807
229493
226275
217853
210330
203091
200883
189443
175007
174619
159737
174153
169702
151527
149516
146382
137926
132277
130611
140765
116890
102810
