3001595
2986034
2954381
2915200
2891107
2806674
2766484
2737814
2737813
2737806
2684820
2647579
2610992
2576772
2536736
2493175
2457465
2414782
2382438
2328967
2180868
2094072
2037661
1993036
1961209
1877766
1852102
1777432
1740592
1658377
1629096
1508850
1462198
1416950
1402256
1361684
1344411
1292591
1281485
1247715
1229179
1198296
1185877
1165774
1148020
1125857
1095872
1080343
1059981
1055709
1028099
1010614
984321
963770
944012
858476
763693
635484
582415
568727
506309
503104
502795
502115
382979
366836
358108
352595
348751
333135
326440
314516
306686
297117
291128
290159
279339
267954
263479
256163
248625
239041
237496
230538
226163
214174
211430
203052
201040
195705
185462
183422
196734
174608
159764
159161
130226
151480
146486
146760
146802
128756
119311
125187
123078
103731
102675
98188
96105
78915
76158
65943
65935
64789
58566
45945
45941
42279
42196
27641
27636
22890
9760
214427
6168
5401
4656
4229
3914
3864
2275
1206
521
357417
357442
357436
357431
357423
