3007191
2983309
2952594
2936307
2872314
2830543
2814459
2798442
2785963
2744768
2737795
2722827
2692163
2633907
2633906
2592268
2582013
2562181
2533682
2509404
2491500
2463579
2442106
2395131
2362364
2240156
2147783
2063231
1993060
1970378
1959022
1879831
1806923
1746259
1721831
1614390
1592440
1534903
1502800
1460355
1453152
1375761
1352782
1314683
1279700
1275511
1229855
1188816
1183456
1165734
1143518
1121112
1096737
1067860
1057237
1035575
1017494
1005361
972648
966930
937549
772047
606658
586081
568513
513665
505151
504704
502907
376929
371127
365058
355324
353485
344949
331490
329693
319091
310641
300520
292834
287675
274444
267135
264645
254945
244754
235833
234526
230562
226159
212430
210079
210181
200968
198425
196699
180171
174630
