2954340
3003827
2940362
2894200
2883588
2850426
2809889
2767124
2742853
2698235
2668970
2642651
2600089
2543488
2499947
2483710
2414446
2382564
2275597
2160547
2133797
2048931
2037276
1993069
1921607
1868358
1821996
1789934
1731041
1656255
1594399
1538234
1513593
1482348
1404935
1362787
1348713
1316450
1281320
1240200
1227846
1248453
1243481
1236201
1217862
1186639
1163405
1141904
1101670
1086339
1083310
1071620
1060071
1047568
1029994
982753
958795
949257
949253
772938
545197
514144
384274
384055
376697
