2996393
2894199
2851089
2830313
2802139
2764956
2737801
2670130
2656934
2648783
2616911
2590829
2555591
2499937
2480759
2422085
2362355
2287718
2159531
2071368
1970398
1929954
1877714
1838552
1805950
1740582
1656242
1614431
1555746
1507244
1462179
1459010
1380572
1352582
1342991
1297658
1276920
1243996
1227839
1182613
1183278
1149114
1131313
1119439
1094622
1071596
1055686
1042038
1024922
1013560
976706
963927
937555
772062
635499
601775
566385
507382
505372
504077
383779
377978
371316
371282
359496
343369
