3007747
2943790
2913009
2852270
2820114
2776776
2702120
2676679
2668018
2628068
2600788
2582050
2522920
2491509
2430545
2430536
2377656
2211616
2089116
2063239
2000799
2000791
1824760
1767751
1734229
1656250
1571629
1555392
1538942
1525880
1416563
1391984
1348768
1363102
1348250
1314493
1276933
1243987
1217295
1189748
1178625
1151695
1131421
1125808
1101815
1072997
1061254
1044834
1040291
1027092
1018210
1005561
990010
958961
941566
839268
606612
567793
505145
504087
384189
383876
367008
366378
363516
352591
350887
332740
322993
310663
304399
295558
292182
287000
279310
268411
261640
258077
248233
237432
235321
234426
227607
226155
226241
214013
210134
201055
201024
196092
192218
174634
158431
152388
151257
151299
136586
131736
128894
125489
