3006394
2992856
2925259
2942460
2913538
2881643
2854885
2824203
2817048
2817072
2817095
2736167
2736148
2687034
2674835
2674820
2674794
2590784
2564653
2564654
2553494
2516512
2491928
2415656
2353076
2223915
2189805
2122263
2077941
2052068
2014670
1990765
2000311
1936319
1916480
1916488
1843144
1791396
1719272
1671403
1577987
1544177
1512443
1486911
1435567
1371585
1343571
1322075
1299023
1248800
1229968
1183228
1152953
1137243
1113896
1100863
1086748
1070604
1057651
1042198
1041503
1032286
1024308
