3014162
2966277
2912575
2912578
2841315
2818727
2785582
2745713
2723895
2666140
2642648
2584468
2542150
2518037
2465346
2427631
2382553
2324876
2166879
2110356
2063509
2003690
1963559
1925109
1880018
1841313
1813654
1731060
1658357
1629087
1534909
1482619
1455258
1394441
1365815
1328671
1314299
1275517
1233307
1189736
1189256
1151690
1132026
1124153
1113574
1082469
1062247
1047915
1035582
1012268
986533
966785
945506
859716
762483
592637
571637
566340
507052
505452
502912
380749
377769
367742
362670
354871
350853
332799
329466
320656
312203
296502
292523
290409
279227
273011
265924
263326
253145
244764
235543
233557
227695
225535
210223
210126
201045
200912
195792
185514
176575
174613
161541
152864
151244
151250
138873
146937
128899
146941
118544
128738
103720
103727
128733
99926
78952
77648
75104
65000
63404
58564
48012
45059
42186
35037
29868
24068
13677
7351
6513
6420
214419
6306
6110
3959
214438
214451
357401
989
190
2080
357377
357369
357360
357353
