2997655
2988517
2957761
2928292
2891450
2807425
2786062
2756875
2744298
2689660
2660572
2617317
2555946
2516951
2487222
2445566
2382448
2240276
2133375
2043628
2043621
2019599
1952982
1880022
1805974
1698750
1609956
1513601
1455526
1455518
1410234
1380564
1341731
1330332
1330295
1284680
1266977
1237500
1210263
1187441
1178618
1151414
1127345
1108906
1085126
1065545
1053283
1042031
1015040
996943
984334
950191
937527
762476
605434
581271
545186
505586
504909
503339
501978
501963
383775
382912
357830
354876
353323
330382
322510
317087
300830
290163
