3015779
3014437
2966276
2936309
2897141
2866579
2838914
2799368
2751312
2691190
2676651
2627748
2576988
2539032
2508020
2487259
2445583
2389241
2338626
2188349
2109196
2043652
2000824
1966385
1929934
1862919
1806907
1735886
1670243
1620585
1567274
1538909
1508857
1412331
1386118
1366102
1331904
1292609
1272743
1242524
1206049
1189769
1166074
1138394
1132863
1114244
1093382
1071610
1061318
1042046
1016028
1005566
974750
958942
937598
777943
762471
582410
581751
568518
507234
503099
502030
383891
383734
377674
363951
357775
352958
331983
328939
320248
310701
296854
293910
292481
288086
278245
261124
249978
244810
236711
232753
232616
227604
219035
211414
210197
202106
195664
185827
176567
174638
169725
155271
151634
151284
146931
132271
128903
128765
115302
111197
114325
103140
99935
88636
78922
77643
76902
68012
63500
62032
49346
44498
42338
42201
32204
27629
22952
12047
7239
6314
5922
5236
4879
3979
3857
3148
1994
1270
329
348
319996
319989
319983
319830
319758
319732
319702
319682
319628
319587
319566
319540
320610
320613
320141
320128
320107
320083
320071
320064
320289
320263
320251
320241
320576
320557
320544
320521
320493
320473
320455
320434
