2982214
2914585
2866613
2836326
2807424
2785583
2764452
2688877
2684821
2669618
2633904
2597180
2560142
2542180
2491522
2450136
2400676
2362389
2220365
2160910
2049706
2039346
1985342
1961204
1889997
1890028
1749608
1745312
1734206
1709093
1667048
1596527
1552309
1538917
1516507
1498926
1462166
1452044
1391956
1387673
1377492
1353445
1330017
1290520
1286821
1275497
1255450
1232420
1216374
1180475
1186632
1152649
1146809
1133651
1119479
1111596
1108970
1086642
1075382
1065887
1057387
1053468
1034774
1018203
1011508
982158
973097
963778
945885
937563
778559
641909
641888
596980
586088
570886
567097
514188
514952
509705
506315
504709
504083
503502
383043
383721
371880
365151
363911
353926
349214
345099
330643
330249
325478
319301
316686
314602
295656
293677
291891
291889
276393
271510
267959
265943
262004
256167
244795
239912
236114
232706
233561
229542
227699
225540
218570
213978
210184
203095
201059
200994
197320
186025
183432
177492
174662
174625
161468
155183
169683
169701
151646
133233
129393
128861
111186
115372
117009
103135
114005
88616
78969
78942
77606
69558
65979
63264
59287
48022
44501
42190
42192
29873
24039
22719
9758
6465
5956
5397
5001
4472
3916
3318
2363
1780
579
2993
357233
69575
2166
69624
357195
69622
357172
357162
357153
357146
357139
357133
357121
357114
357103
357094
357084
357073
357062
