2988516
2988256
2987591
2956571
2935754
2936306
2888419
2835205
2786970
2732672
2684421
2639949
2610268
2594412
2513109
2491491
2450153
2427023
2382585
2331130
2168773
2049673
2049662
1916461
1824801
1731022
1644001
1555386
1527286
1486525
1499096
1462173
1391989
1377612
1377603
1377596
1356052
1326548
1322436
1268776
1268769
1236463
1206040
1186785
1163641
1141885
1132973
1114268
1089014
1067967
1055531
1039813
1024074
992200
974781
962437
838250
779359
641876
592843
569147
567806
513001
504210
502800
383738
382043
365723
358407
353474
347837
332242
326147
317275
305658
293686
292395
290200
285861
279232
275323
264029
244768
235815
232826
229473
225545
212066
210089
203082
200979
198429
192115
178365
174603
168173
155743
152613
151271
138351
131766
146847
128745
210232
114697
108556
103147
98267
79505
78928
77626
76909
66888
63522
62038
50063
44128
45054
42288
35078
29380
328512
23002
22721
7921
6497
5960
6187
214408
214392
3147
2701
1271
399
356068
356056
356044
357456
356022
356012
356004
355993
355984
355972
355958
355945
355934
355921
355900
355887
355873
355853
355841
355826
355815
356502
355791
355780
355769
355759
355744
355732
355719
355705
355694
355681
355666
355656
355644
355637
355626
