3008024
2982215
2899033
2888407
2872313
2821757
2764962
2737797
2724585
2660459
2592905
2601432
2597868
2544375
2539036
2536747
2514641
2501626
2485984
2465787
2442116
2435227
2423636
2406336
2362336
2345770
2331147
2220336
2180887
2146417
2043662
1952522
1880050
1814539
1721695
1698772
1596543
1596532
1550987
1509288
1457255
1457246
1376804
1347375
1331331
1324969
1274858
1275986
1234675
1210268
1196636
1165780
1151074
1132357
1113830
1086519
1067915
1053271
1027794
1015047
993396
972627
950162
860176
643470
605459
581888
