2996392
2965650
2897824
2903775
2882845
2870647
2816795
2843519
2809654
2774971
2742222
2702692
2661229
2672594
2601097
2631978
2603314
2577382
2508363
2516971
2461912
2487228
2451236
2421636
2366145
2231816
2185520
2167076
2159516
2077341
2070781
2019627
2010324
1966394
1944846
1899404
1882261
1857907
1778765
1805964
1731047
1640443
1618452
1559755
1531326
1516522
1477926
1409060
1409625
1360612
1356682
1330511
1289603
1276377
1243980
1189762
1183287
1141911
1138450
1122501
1095878
1073204
1061347
1037957
1027411
1015706
990002
966131
944020
882262
636886
588272
571647
566654
508357
504789
502783
501786
502122
383745
380666
353981
343593
343002
337680
336414
318009
300776
293145
285857
274363
269799
263834
256157
248210
237748
234535
231731
234972
226150
225294
212332
221659
200972
195826
195784
176579
174462
159730
169711
151280
169728
146443
130881
130826
102377
116913
108541
108360
99902
88560
78964
78956
77635
77269
77055
62054
49155
46165
44479
42458
42188
35039
35068
31336
27625
27623
24054
22949
7529
6116
282957
282918
3973
357346
3870
357337
357332
245
357323
357318
357314
357311
357306
357299
357290
