2939671
2948199
2926747
2888405
2852253
2830627
2796316
2742143
2690851
2663459
2634048
2597648
2558148
2541012
2491477
2442087
2390191
2348839
2209291
2159542
2071356
2003695
1970353
1929943
1870109
1835420
1754405
1698759
1640457
1562514
1529255
1497561
1455229
1391962
1367045
1344418
1297666
1278349
1255456
1230800
1188275
1179461
1142980
1142155
1124713
1109118
1080334
1059876
1044111
1027084
1013948
989995
966137
944027
785411
762488
606603
605440
567270
544536
504914
502175
383251
375977
371254
362652
348019
335043
329458
323480
315773
307988
298865
296333
293625
290833
270580
268424
264995
253052
250243
238997
234860
233539
225871
