1996010
1877808
1877791
1291535
1083274
2804322
1858378
1190183
1085130
2936924
2772879
2615731
2484920
2343576
2343776
2343896
2183423
2030470
2031678
2034396
1838194
1838206
1838178
1838186
1558013
1558109
1402383
1402298
1402821
1402744
1402782
1402795
1329125
1160633
1082473
2178450
1018409
1018410
1018411
860575
544741
544862
545056
2875491
1555271
2832932
2663806
2667490
2667199
1998561
2432631
2693787
2071423
1971630
1690388
1501750
1255047
1178823
1178477
1067343
1868013
1637837
1217975
2723279
42040
324493
324409
320435
800171
800173
800174
800175
800176
800177
800127
800178
800179
800191
800181
1408800
800182
800192
800193
800194
800184
1147282
800195
800186
800196
800256
800197
800257
800198
800029
612201
610937
800258
609784
800259
2830629
2674377
2442882
2537052
2160601
1926180
276755
2638404
2498328
2184512
2016039
1900008
1566445
1593105
1233341
1185448
1167350
1167253
986537
1127716
306363
275295
2817460
1122018
503720
98949
503896
503838
503506
503643
1795396
503561
503810
1811182
2491279
1509276
1404891
1233901
2818000
2664243
2523649
2420950
2076732
1920261
1862219
1862712
1379249
1273672
1151869
1082424
979968
858403
359369
289393
299359
369585
1270229
1568173
2648584
2501040
2351356
1592748
1517472
1348599
1169067
2872538
2665049
2499592
2338776
2048355
1877826
1655260
1499310
1500676
1500774
1500412
1500518
1499402
1499799
1499949
1500175
1499586
1479992
1480083
1478873
1478786
1479064
1476936
1478462
1476793
1478559
1468075
1476589
1476706
1465482
1465611
1464182
1464291
1463891
1464013
1464122
1464052
1464039
1461551
1463822
1461518
1460764
1455292
1345169
1811158
1503454
1294685
1108590
1029949
602330
513867
375735
336595
301136
280765
267658
2824815
2687357
2541329
2414639
2875194
2735711
2582051
2459236
2160125
1959826
1785455
1460833
1458043
1455533
1455410
1455319
1455270
1455200
1434878
1434821
1434770
2072552
1877850
1577389
2747470
2837030
2684793
2534142
2402599
2089016
1930286
1711113
1503370
1461464
2636582
1691509
1786374
1531914
1451983
1244408
1894483
2808769
2666652
2517312
2381896
2046684
1866423
1654988
1456377
2509558
2532333
1878513
2814895
2636879
2544114
2371456
2095667
1859799
1631005
1178723
2432497
2390214
2491260
2881025
2772722
2658260
2537857
2396556
2065093
1872007
1882486
1477942
1323548
1185347
1095890
1871840
1871840
1568296
1568296
1390749
1390749
106965
2959424
2876341
2664292
2499604
2331751
2048370
1249253
1121988
1050725
987679
786111
306902
306792
99633
317755
62351
41824
319541
317685
800278
800042
800063
800077
800247
800246
800245
800244
800243
800242
800241
2666358
2451469
1509297
1404920
1229375
1101560
2735386
2724525
2577080
2584469
2457392
2451436
2162049
2162110
1960275
1960314
1739230
1509239
1353482
1218563
1119655
1052898
976270
643603
508386
2525194
2350046
2077451
1836248
1620993
1394281
1272582
1140491
1080402
1012551
882067
602231
570407
570475
312627
327559
316689
253341
206913
190271
166197
144045
114054
97808
75144
328877
55626
28315
22415
17701
800058
800062
800071
800142
800136
800137
800114
800117
800269
800011
800012
1810139
1370143
1149933
1463542
2068783
2834965
2677017
2541583
2405679
2088876
1891701
1658185
1462716
1376780
1175855
1101516
1028613
2962564
2935323
2774959
2627373
2510650
1877868
2024436
2970276
2642937
2358968
2351676
2190078
1858996
1747491
1642931
1321631
1169218
1101908
1025115
786769
872023
786768
519308
521138
786767
2776888
2897845
2714576
2590296
2484313
2414456
1966913
1755688
1533057
1368310
1229285
1128817
568173
1181309
2813524
2808797
2492517
1950815
1899721
1509633
1356802
1323351
1118299
1120725
1015090
1119772
832284
370155
368434
224818
2523501
2872362
2694344
2541940
2451116
2150976
1950365
1736020
1508244
1346281
1168857
1024393
605397
378993
291069
237090
195473
143365
106972
70082
36206
800050
2662398
2896921
2819261
2593501
2662413
2663608
1982595
1808266
1370042
1270230
1138929
1862280
1862703
1378337
1273714
1151758
1082243
976310
820086
563985
545646
1568181
1387249
2988257
2808196
2661806
2512530
2909132
2598153
2254556
1842993
1385569
1133265
989863
1556262
345513
948496
948449
192309
1877891
2749215
1189355
2980055
2785971
2627585
2983298
1363163
2898420
2600694
2484389
2700648
2661334
2513383
2384916
2049536
1878803
1639642
1414471
1296843
1168987
1090785
1028630
638249
354324
274497
228347
191028
2286976
1862805
1386839
2809730
2799250
2667239
2667317
2516540
2390256
2381416
1969773
1620509
1487652
1365562
2382416
1978672
1998570
1809018
1555284
2808719
2649387
2506583
2382936
2147805
1854776
2146303
2742941
2578048
1671011
1531514
1531826
1531294
1531407
2993901
2669557
2442576
2110192
1377966
1168149
2896825
2819289
2500863
2350176
2003351
1134030
1315843
2630768
2325276
1993956
1811147
1555852
1229485
1807406
2896935
1189186
1315803
2926534
1370837
2501221
2351316
2835185
2676536
2534921
2447481
2756594
2609441
2390116
2064058
1871854
1458412
2821650
2674061
2528282
2422531
2434020
1878431
1810279
2757226
2466627
2069618
1640233
1254960
1056224
581710
317561
2768545
2482991
2103354
1556460
2787394
63047
62297
2948992
2790798
2641483
2494444
2347583
1992896
1822327
1557626
1370256
2631488
1145706
1183604
2096112
1869652
1554233
1178657
1099083
1026653
1772643
2886444
2735522
2555523
2399776
2093889
1925805
1923947
1723028
1463788
1321211
1188966
1105634
1034914
961322
782115
782096
782034
781995
783160
782010
782052
781915
782185
962367
962289
962198
962260
962111
2036146
1858367
1367943
2968455
2830689
2656106
2555729
2380403
2038698
1878921
1629395
1450095
1289881
1176760
1086297
1023833
951710
581630
502217
354880
1595768
1862317
1862776
1379361
1273694
1151785
1082260
800083
647003
800128
800180
2811239
2630099
2487276
2328888
2030441
1687774
1456190
2892208
1094562
2676662
2810103
2660267
2508859
2382196
2046707
1866307
1653662
1455770
1315245
1180405
1102120
1030083
948109
586110
501983
352600
319709
288090
266420
238168
191177
168588
374824
378593
374678
357742
364132
369340
369274
369272
365076
128003
2808425
2664168
2517488
2381913
2046660
1866835
1655008
2351333
2390226
2506023
2390776
1630995
2896839
2819303
2593690
2662528
2903150
2742854
2597917
2482767
2212908
2016604
1787275
1531743
1366230
1242531
1128022
1062261
977091
2935663
2775088
2619287
2377310
2002396
1853079
1555697
543482
332186
142652
2949035
1629739
1251973
1009379
872749
792759
792758
792757
792756
792755
2854038
2738600
2581122
2495258
2259016
2190025
1772954
1545006
1356058
1251974
1121992
1048922
977395
776261
2979683
2799371
2645672
2505494
2348616
2030652
1859934
1614222
1409985
1287791
1162654
2897586
2819321
2593702
2663638
1984642
1833310
1572193
1370114
2792404
2858036
2702123
2556288
2470654
2207676
1978942
1753326
1518701
1357054
1240624
1124772
1054972
985692
642611
507752
503376
365024
332040
302979
286498
274644
258549
257089
238386
223355
223904
259963
191666
259964
169059
1125021
142750
108844
97243
67449
57167
29933
22627
317456
800045
800049
800275
800276
2851581
2702613
2559206
2468356
2212776
1979742
1753846
1520340
1358628
1240866
1125451
1056808
985921
765891
506443
634067
633292
632716
1120212
2967934
2968120
2793107
2658537
2854946
1375783
2076444
1873561
1641587
1477973
1234772
1756384
1552262
2806416
2661829
2505515
2396761
2063576
1871437
1645953
1458082
1321440
1183614
1099554
1031171
956863
584792
502585
354756
319950
288627
266714
238355
352302
221270
191246
170088
1317353
2064075
1816041
1646396
1386352
1282280
2110230
1552315
1383529
1273404
998668
792760
2752499
2465808
2824893
1111360
944519
1564595
2459031
2390906
1877911
2037509
1839764
2662572
1651274
2872550
2499986
2331762
2048416
1400713
224019
168555
122831
91474
45410
15433
800023
2857705
2699026
2557547
2435349
2133601
1943513
2968456
2830840
2656075
2555692
2380445
2039370
1878961
1629435
1450135
1289816
1176254
1084834
1016720
1068504
944645
774789
371636
334012
301177
278241
792768
792767
947185
307400
279943
267460
238061
225298
180139
168304
130385
114836
92571
93335
93025
2345316
1999320
1823854
354644
2534848
2835043
2675744
2522548
2459118
1980422
1754288
1517303
1341771
2016551
1621890
2951965
2786545
2637066
2489793
2307436
2068736
1930021
1562112
2819419
2854065
2676724
2890602
2751957
2599990
2487294
2214091
1982143
1796900
1542130
1355238
1235000
1125170
1055973
982372
761849
512360
371209
333334
299513
279179
268820
238857
212490
186281
158011
144001
111084
57216
24533
317210
16687
800030
800051
800085
800138
800100
800282
800149
800151
800120
800156
800159
800162
800163
1142648
1142662
1142620
800271
1142635
1142619
2808705
2899015
2732198
238339
97344
2508478
2820716
1456508
1314466
228329
259526
197530
170791
131214
327164
100348
75427
322609
322917
324634
320599
800014
800172
800008
800279
1125118
2818052
2818048
2685553
2675133
2531602
2556420
2441776
2441955
2145204
2141512
1958824
1718918
1460563
1180875
1031607
587078
616706
358916
289444
240080
192844
143457
99332
62266
637069
2819366
2896941
2691352
2541917
2421277
2043594
1599272
2897659
2820116
2593728
2459976
2179298
1852666
1558607
1413140
1361482
1456223
2593735
2630088
2413219
2663670
1984665
2804337
1900160
1668113
1362702
957205
355460
1160939
1039470
571878
351006
2428303
1564596
1370152
1117417
1577382
2980100
1538864
2482985
2342468
2484402
2168697
1967422
2516588
2390021
2064085
1871929
1651263
2744210
2592784
2460756
2043527
2834899
2689665
2451592
2716281
2674005
2680821
2537148
2535372
2413247
2413176
2079327
2079296
1921168
1921206
1658939
1658997
1544012
1364654
1368436
1095921
2030678
1859955
1614235
2755567
1462039
1531780
1297385
2508497
2812428
2659532
2516775
2383276
2023607
1839379
1731740
1500879
1330598
1050330
973620
365143
1462735
2346604
1379153
2904111
2442657
2810188
2660114
2506364
2390803
2390034
2666539
2517968
2593458
2738935
2897937
2744769
2593069
2463209
2228360
2024724
1837274
1629911
1391469
1278480
1146909
1065579
996566
775832
513918
378239
337292
309847
277044
266021
240518
217474
196244
157485
113938
123186
127601
74382
285730
37888
318013
317825
800033
800032
800263
800073
800139
800292
800095
800262
800146
800261
800291
800124
800153
800158
800160
800260
800167
800270
800267
800266
800265
1552280
1383519
2103736
1926354
1708046
1481839
1248648
2512410
354666
1815330
800280
2755753
2616606
2485288
2492708
1870926
1874620
1403375
1266366
1131355
1131481
1048924
1048925
1048926
968877
968878
968879
968880
789083
1022685
882452
367072
343647
307418
368058
2815072
2484702
2304536
1996413
2479440
2304510
1988842
1838126
1594156
1385269
2043535
2955193
2627566
2163970
1769087
2414659
1862821
1288552
2429376
2911187
1083063
2933267
2675743
2611286
2488222
2335484
2002259
1827418
1619258
1385989
1266894
966618
1278380
1555860
1390817
2079216
2064227
1854969
1555619
2064448
2872965
2665008
1860684
1400863
1080810
1022630
941079
570810
381448
345848
313239
2912152
2608020
2286996
1996014
2517881
2046642
1866855
1655028
1456424
1314403
1179529
1102486
1413634
1306813
1080776
2908805
2901790
2598784
2598510
2317956
1858171
1394445
1142405
1013115
778712
347642
263552
225434
2831244
2689684
2534645
2815347
2656346
2512921
2386958
2069000
1160972
2753488
336597
313238
276675
263690
226931
2816707
2661088
2508168
2384577
2047849
1869631
1640134
1408681
1297081
1146841
2462130
1869890
1008694
882082
2023582
1581114
1118037
1858158
1594187
1402050
1286380
1315903
1080885
1052199
1289612
1557876
62506
2811222
2666158
2513190
2390045
2064676
1871940
1651291
1458432
1317331
1183512
1097002
1031763
956060
583890
512236
355068
319757
294260
1294921
62597
319057
2513506
2347504
1314161
782896
2046631
1866870
1655048
1456520
1314276
1179509
1102546
1029146
947380
2701002
2570454
2403936
2065092
1908639
1671328
1467976
1346020
1170131
1097111
1038257
950786
862897
882458
580762
2162037
1960496
1509307
1404927
1255400
331960
2846696
2688447
2541928
2420918
2060329
1101140
1028480
2951894
2630729
1651309
2811163
2665970
2512089
2390068
2064696
1871871
1651318
1458449
2502409
2390131
2665994
2513577
1389908
1138235
997078
1772630
2617548
2489798
2307196
351397
1531786
1379350
2933349
2771937
2619228
2485278
2236584
1995441
1869389
1565694
1457150
1363189
1140402
1114252
2799562
2627770
2486767
2689676
2087522
1416691
2804345
2661694
2501553
2947688
2791261
2633374
2491832
2370919
2960811
2682571
2644866
2494266
2361354
2034691
1860559
1600193
1410140
1284420
1166160
1096601
1030397
958220
585058
502187
2935620
2750675
1005220
2489247
1080148
2940679
1960502
1509825
1564597
1370828
1404946
1268980
1137639
2499751
2338790
2048513
2590651
2261605
1551722
1621087
1352694
2940716
2764468
2600057
2492002
2229012
1993574
1807342
1566374
1386790
1250910
1134707
1064009
988772
779928
501158
352871
336992
199544
2970930
2788412
2637248
2501907
2448136
2074712
1962300
1690508
1473018
1362550
1274892
192757
168466
2260641
1793274
1814392
2483954
1996023
2493187
2367163
2032497
2032497
1883978
1883978
1787553
1787553
2394758
2361999
2031759
1842752
2812376
2452376
2457317
2247596
2320765
1951365
1739041
1754239
1516360
1698790
1353343
1139113
1083091
1278240
787260
787259
787258
2159344
2480347
1072530
1316550
2002333
2602119
569673
581896
2386042
2386021
2385984
769953
509709
2933242
2774225
2607023
2494603
2305484
1996461
1822018
1570433
1890703
1562868
2835596
2661704
2764873
2968478
2830865
2656045
2555754
2380356
2038642
1879021
1629335
1450058
1289927
1176887
1086228
1017753
2939948
2820645
2675683
2534208
1866939
1750405
1782254
2633211
2975969
2804295
2633448
2505305
2364489
2034654
1863509
1596600
1411273
1292520
1159789
1088361
1022471
940880
592849
2829966
2668056
2810133
2663712
2513204
2390148
2064713
1871962
1506250
2834800
2689710
2536430
1268981
2786805
2491411
1595782
1595696
1287624
1295014
1081706
940071
503209
318773
267895
2961111
2652524
2372251
1852786
1671248
1414004
1302496
266399
2832241
2832106
1294904
2993452
1322109
1890692
1026776
982484
2857491
2578153
2168556
1743666
1344471
1117309
968363
507072
355017
2002931
2846650
2688130
252471
224270
198174
159754
951513
949970
2905760
2751323
2592791
1972551
1752046
1519144
1355284
1031419
2939953
1133572
1133373
566726
319195
504450
504390
506378
504136
504092
503956
503828
2831425
2690854
2663678
1877937
1631024
1278972
1251990
1290144
2531923
2671470
1868650
2465958
2325616
2000119
1809777
1542084
1763017
2739011
2855321
2721956
2396716
2602928
2328909
2901318
2741948
2592798
2465351
2168836
1966445
1755913
1519065
1352592
1272996
1217935
2831129
2690883
1281700
2948674
2795218
2981324
2813852
2491599
1924035
2975980
2808083
2633638
2505341
2750482
2591305
2591272
2208461
1960475
1855511
1251028
2282338
2159365
1822348
1536513
1016707
944759
1411260
1085114
2975991
2808091
2636228
2502323
2364474
1943628
1838002
1833272
1572192
1270231
1081180
1943397
1456396
1314436
1180337
1103576
1029133
1035429
349360
298595
2588548
2451598
2162010
1960510
1509837
1394496
1233833
2725494
2460239
1967654
1527125
1757524
505168
2634274
2335470
1998476
199200
259965
73312
2660190
2528265
2377816
1868688
1629716
2593882
1253532
1540343
1374718
224164
165180
99370
800223
2505351
2847263
2684746
2554688
2435264
2145694
1950413
1723112
1508128
1344671
1216919
1117201
1046192
968280
611817
503048
360276
329166
296399
275107
258305
228370
201310
2889287
2674095
2513683
2451636
2157871
1975482
1667520
2846656
2414716
2068776
1496653
1775223
1921705
2909428
2751504
2465813
2955811
2786536
2635631
2489804
2318202
2076674
1924520
1557898
1791204
2378975
2491172
2751491
1882362
2975941
2663689
2897667
2820126
2593489
1823818
1920778
1639601
1496984
1328202
2322156
2754633
2940157
2896958
2820144
2662593
2663700
1984674
2690887
2110486
1658260
2088996
1925013
2557668
2348229
2020619
1463673
1543834
2908961
2908812
2739480
2739482
2576768
2598394
2464576
2463372
2330784
2330163
2001858
2001576
1830761
1830483
1570256
1569901
1388969
1389095
1274000
1276958
1143997
1068009
1102256
1595536
2676440
2534732
2442952
1413957
1280094
1283900
1071866
1058129
844174
569046
383507
346876
311534
285305
258694
2619648
2532129
2305276
1992917
1839214
1555880
1375714
1268517
1143079
1089508
1006058
2451605
2837689
2675354
2533888
1722080
1460007
1316948
1096985
2820783
2666310
2525314
2424321
2093973
1869790
1653771
1463434
1341012
1183471
1097064
1032222
956676
585147
512161
355274
320134
288692
267825
258319
2902961
2742060
2591513
2483028
2206781
1973009
1785481
1531542
1366110
1228784
1127908
1057661
988952
764808
505306
368122
330855
874066
795679
1809029
1555301
2489820
1272680
2814204
2658761
2517208
2371401
2047862
1868294
1621607
1449913
1289971
1173706
2156761
954186
645435
2884045
2716282
2588768
2458523
2159430
1964179
1735688
1513895
2960414
2764947
2621934
2484425
1321261
1174429
1101389
988834
604471
2896967
2820158
2593743
2662693
2663779
1599020
1513464
1513923
1253467
1032646
951948
2660398
2389176
1880071
1531674
1329112
1316624
1099203
958160
500286
320297
266838
1402947
1138506
2076496
1920320
2820167
2593752
1138304
1190195
1947915
2401836
2666642
2535948
2661118
2509230
2390790
2830834
2675682
2948649
2786006
2619112
2489812
2018536
1851290
1386610
1413907
1938595
1462027
2903626
2729485
1290128
1178745
2810397
1837885
1600150
1031442
2808469
1862303
1862795
1183568
2939502
2663171
2527269
2402676
953144
800121
2034751
1863482
1238844
154766
2944789
2757513
2507908
2386980
2872599
2663510
2499968
2338816
2048577
2125636
1519138
1435452
2907294
2749246
2600212
2493123
2287076
1996130
1851476
1551609
1383422
1272366
1203492
1032647
822087
822086
874077
822085
822084
822083
822082
525592
822081
2070770
1869692
2977336
2790060
2492045
2383795
2018323
1921479
1572769
2915516
2465839
1646461
1328554
2688220
12178
2906831
2696454
2701973
2559636
2447556
2157689
1957656
1734454
1514095
1349822
1228716
1121241
2883817
2728606
2562059
2461328
2185632
1967701
1755952
41579
1083106
2914586
2700171
2631775
2481492
2309996
1995966
1810617
1557914
1379092
1286240
1149941
1083356
1012807
900051
513338
504216
336296
294469
276627
267437
234828
168750
122974
74224
317426
2834996
2691136
2976002
2804302
2633357
2503778
2364506
2034675
1863523
1596638
1411286
1291201
1159842
1088348
1017472
871895
581690
2676629
2535708
2452516
1515747
1248054
2039320
1869446
1374699
2566468
2461446
2185505
1791889
2536780
2096123
1944862
2018567
1851307
2169090
2524224
2940147
2785989
2535828
2873587
2699343
2565585
2444776
2162081
2184489
1734583
1514411
1411759
2798087
2491159
2307836
2000172
1834616
1651428
2818613
2525526
2039252
2620728
2491185
2342441
2664350
1656437
1490283
2392622
2463183
2980115
2799650
2643614
2834050
2670518
2535771
2390231
2070562
1868447
1609170
2815244
2660505
2506182
2362499
2063518
1839707
2856400
2699276
2556700
2448196
2159616
1944745
1730804
1507149
1342250
1230100
1111411
1053427
641480
364338
300523
253284
199404
147156
91385
319120
2833179
2688283
2535753
2089142
1331591
1194541
2371536
1998582
1809049
1555312
1555228
1523103
2746090
2514601
2018358
1568234
1276318
1165485
1047788
383535
323706
261618
222092
158976
112646
74014
41735
1509315
1152399
2840819
2691365
2561828
2429384
2132325
2133429
1687399
1509456
1326073
1233501
1129601
1112239
996070
774572
603095
602902
339492
288548
244522
266388
224841
191326
259794
304032
1947940
2735960
2742303
2502524
2223856
1795194
1352678
2967413
2789116
2659021
1865987
2448496
2274576
1938551
1804669
1514894
288994
2971603
2781562
2617848
2346536
2378104
2389376
1593254
1409540
1282100
1151454
1089551
1052220
948005
2910019
2691195
2591888
2463728
2072069
1930321
1693042
1509096
1328057
2960310
2787622
2632320
2493394
2361276
2016911
1839594
1584322
1404520
1288580
1151588
1089786
2951913
2784731
2628136
2500365
2364527
2034773
1863543
1596550
1411204
1291151
1159803
1086365
1016850
944705
581478
507635
351240
317636
289423
258948
232627
1644993
2160881
1841853
2808492
2632856
2499788
2382336
2043674
1937728
1734605
1655925
1396380
1090950
359640
352925
353053
353071
75034
1854360
1854509
1599812
1599871
1599936
1150034
1149126
1161135
2818346
2663204
2522848
2388676
2070481
1891903
1647314
1641389
1452392
1322192
1180995
1088463
1027933
958432
846222
1553374
1390156
1273496
1143844
1102351
1015330
2911996
2671188
2578726
2461466
2324796
1991996
2984356
2810156
2660129
2491224
2342488
2018584
2843915
2633301
2491404
2069172
1925801
1565824
2820282
2597008
2859889
2851553
2668930
2568088
2479871
2188286
1958746
1568199
1387269
1479190
1324237
2925426
2751205
2591635
2597652
2464996
2304576
1995896
1810085
1542275
1375527
1274971
1183401
1088149
1006209
782814
514191
377792
335231
305138
277830
263580
237578
224538
181181
165939
143369
109025
77726
318789
55364
2884781
2889160
2818754
2819009
2591062
2568225
2486788
2337223
1985793
1806799
1810295
1585694
1555001
1370175
1368088
1248821
1248820
1134285
1062455
998675
776816
581339
381473
337180
336512
302405
302163
253228
227726
225014
257734
257572
143062
256664
100296
74587
55823
41765
319568
800054
800254
800078
800091
800099
800253
1035167
2909609
2737856
2516604
2517899
2160673
2369220
1812530
2557977
2448556
2184751
1968613
2108616
1516241
1352793
2683483
2425333
1924559
1145581
1149993
1980022
1741906
1811136
1410308
2930674
2771839
2593968
2485760
2307096
1999030
1810543
1551788
1463689
1297277
1139073
1109540
1017833
953536
2501511
2938503
2790755
2628194
2513591
2351476
2076623
1866480
1620432
1451940
185084
1750389
1527017
1373290
2677758
2513002
2336727
2078101
1746050
1514402
1367956
1231894
2025756
2025816
1123321
646864
646863
352552
341506
646865
1123451
215624
201081
646862
98784
98894
66617
67312
51909
55674
1998640
2462197
1882453
1463768
2909827
2756601
2600918
2482513
2361407
2037252
1854229
1597817
1411328
1288869
1161366
1073170
1022431
1232454
2738165
2738055
2577101
2400076
2393536
2254436
2254516
1999593
1497470
1298023
2110363
1882992
1096967
2820619
2670444
2534903
2044354
1941007
1629826
1512714
1541436
1132736
1148550
1148613
1063669
777005
1519130
1435458
2637002
2362724
1840784
1414694
1164820
2666581
2389776
2635648
1869643
1622123
2815675
2663716
2504730
2398776
2068816
1879141
1644893
1452520
1298306
1177080
1251086
1028788
948205
1631040
2857546
2701126
2505483
2390821
2072561
637201
505202
2556857
1930037
2830318
2819001
2527792
1321753
1162638
1822309
1739025
2823513
1363200
2945404
301816
266220
236017
2737095
2602339
2461381
2185677
1791212
1602165
1371607
1236360
1127777
1147685
984622
1394669
2843491
2670386
2589649
1941530
1595637
1326304
2124436
1077501
1012453
202529
355214
1460690
1460512
1460361
1460299
1457838
1457769
1457720
1455567
1316003
959222
584418
374370
329607
271658
102454
91354
58612
36821
512249
2834812
2676528
2533810
2442616
2077357
1865885
2465470
2304656
2828612
288408
243327
1722024
2749469
2665671
2485922
2337159
2000064
2185870
1815961
1555754
1381306
1250662
1135775
1069807
998680
859618
545215
379240
339647
300979
285930
279358
264107
232973
223982
191995
165123
139669
115952
325164
74925
52400
30350
17407
327010
800015
800046
800048
800052
800053
800090
800094
800255
800110
642089
800123
2856636
2723742
2590748
2442754
2134254
1953355
1730874
1506216
1342211
1159733
1018434
942801
857197
2331791
1938606
2934583
2627369
2648668
2333660
2016802
1840845
1594233
1393921
1283780
1165573
1077603
1013235
871506
566408
383082
344166
313817
280756
263272
252493
224081
1681509
1605298
1514339
1514201
1104996
1032652
946248
850976
12808
2926697
2754169
2602988
2491894
2258996
1993478
1806651
1542431
1375634
1296907
1133956
1029873
512429
362422
286860
2131361
1761566
2872334
2717764
2560519
2451916
2160916
1960397
1735023
1514932
1353629
1231996
1123008
1055137
981066
640000
505388
369691
332357
299996
274535
267665
850995
317498
75110
1126255
2930889
2755996
2608628
2465506
2442829
1993886
1837934
1576702
1390768
1277548
1145768
1073884
1005285
860854
780506
384101
345542
309831
281508
258726
236869
220346
190347
164081
143242
120694
96877
74540
581199
500001
501790
857198
293016
261693
524431
224486
254208
2931037
2771783
2610384
2483760
2338965
2001420
1831708
1572272
1390630
1273463
1146238
1007512
566172
347324
271771
229000
186258
154183
1551950
2971763
2802083
2634317
2641248
2493988
1980822
1874590
2414276
2043468
2840728
2688073
2554797
2422436
2090236
2817721
2669485
2512349
2396636
2076354
1936652
1731903
2899415
2729094
2858796
2591708
2713609
2462476
2543882
2325296
2426636
2078856
1999747
1971681
1822090
1562877
1384271
1268784
1345443
1140124
1189215
1067445
1007996
1044550
961511
960875
544414
960568
377435
572133
571968
343048
305786
349316
282991
316572
268819
266057
237466
1667780
2876456
2856767
2678025
2732158
2557500
2559184
2449396
2451176
2166966
1943403
1719970
1502650
1378773
1216295
1111449
1040830
964442
604045
502716
359784
325737
268389
291080
238218
169891
2002353
1059579
858570
1294928
1370811
1138670
1562154
1815396
1582379
1280940
1143549
1951493
2674918
2533828
2442942
2068984
1899441
1645373
1837154
2833165
2676552
2534303
2442968
2064959
1878500
1499224
1270232
2598908
2000410
1826147
1984693
1808954
1569135
1370082
1595800
2593761
2804360
2501543
1595808
1294948
512035
602461
2024445
1862372
2330748
1996039
1784037
1364742
2662708
2664398
1985404
1808901
1656360
2875475
2713579
857171
857205
857204
951807
952786
75199
2811237
2448963
2166929
1942790
1735935
1577776
982452
2975945
2814347
2660579
2512142
1366804
1146847
2885990
2670739
2528908
2390317
2047456
1940941
1940976
1456625
1409908
1231047
1107622
1059524
1046290
1866886
1142680
2940136
2875913
2532443
2430475
2020723
1640206
1190326
2933566
2820975
2753476
2899007
2732209
2079353
2938681
2072572
2072508
2631890
2489280
337449
304065
2910896
2756406
2740769
2467696
2232817
1998076
1816123
1555400
1378889
1255175
1141753
1065385
996350
827140
544220
379437
583810
376656
2307720
2822304
2661020
2512989
2388936
2043910
1850771
1620405
1434790
1288940
1167999
2815833
2479832
1999676
1597735
1298406
1088622
945645
500737
2939672
2783258
2623330
2487575
2339530
2020408
1835804
1557019
1401890
1281192
1150402
1081870
1014052
956750
775047
502512
502786
347090
349093
312129
312179
2517288
2107736
2018673
2023568
2254736
1868366
1557670
1964138
1595356
2828959
2674683
2526968
2401796
2094131
1930464
2876034
2724660
2556325
1859184
1529974
2684083
2382016
2078216
1636682
1384117
1168117
1035662
2940116
2025528
1404953
1275672
2830657
2755492
2536689
2442796
2063212
1867699
1629890
2502880
1066650
1512762
2907950
2670529
2597809
2491899
2248418
1967677
1755888
1542452
1375657
1254766
1134650
1065910
997163
780732
513829
384197
314403
216636
2002945
2427048
1988783
1868281
2966268
2631172
2503887
2364406
1577824
182409
141471
91556
62678
319838
800055
800068
800087
2933575
2876514
2603088
2591370
2358958
1529966
2662726
2833157
2688361
1564599
1373307
2663713
1899662
1507136
1367798
1631058
1352664
1162666
1996029
1552272
2809948
2064730
1458469
2693182
2577036
2983576
224139
1040032
1040030
1134271
2513150
2365946
2090316
1890791
1657127
2836127
2676743
1083125
2986035
2661821
2509896
2390832
1566966
1394272
1238828
2668024
2927006
2609829
2786555
2489828
1929999
1366219
1931344
2378356
1377943
2491266
2342509
1877953
1178766
2802130
2609908
2497306
2541603
2307849
1999732
1810931
2307863
1352922
1779599
2446224
1866272
1828423
1590953
1509212
1397755
1548880
1341920
1136643
1071246
1133890
2501217
2343862
2237827
1814245
2684080
2541534
2350190
2093190
1891748
1659753
1462728
1377934
1169100
2523599
1621960
1509084
1327171
1166133
1152779
1152922
1152923
2857218
2668260
2536146
2457276
2077489
1936254
1643823
2830571
1410012
1715759
1340603
2674328
1322110
823453
1088454
976571
2896971
1341811
2405136
2089002
1890799
1657120
1462704
1376849
1186675
1101499
1028493
1099376
2002368
1614255
2830772
2742155
2540708
2457472
2155620
1934902
1669112
1521747
1331699
1194816
1099547
1038264
956417
774861
563998
360128
320080
290940
266800
243846
225160
192724
255235
144953
123465
255237
75362
62504
255305
19551
18927
800016
800036
800075
800084
800093
800132
800102
800145
800147
800148
800118
800150
800203
776378
2994258
2822013
2668064
2522628
2505323
1868044
1743384
1460096
1290082
1178677
1101826
1026711
973264
2390848
2072529
1234324
1564600
1268982
2451613
2162024
1960518
2808783
2389672
2064747
1596627
1411304
1292535
1159876
2666633
2389268
2025876
1830252
2834892
1735813
2676431
2072545
2983554
2814815
1032604
951676
1878003
2666499
2500039
2339446
2048558
2910017
2713168
2557642
2483977
2155555
1943552
1730836
2910659
2723695
2577387
1376878
2897073
2825041
2593902
1361492
2505377
1577802
1169086
1865875
1929566
2491617
1462789
1376866
1169075
1101480
1028509
1082948
2508443
2181196
1878039
1090193
1460676
1290067
1099423
2940353
2757743
2633675
1863597
1631097
2873003
2463656
2310057
1835980
2618128
2492408
2247684
1988915
1353522
1178597
1111583
1065895
773146
2901739
2820518
2597073
2664446
1985441
1370750
1268983
1137983
1083142
2811587
2641798
2507924
2387238
2068897
1868521
1641804
1454503
1298126
1164717
1089444
1023663
940991
570758
381591
346855
313237
2132876
1646468
2808475
2663474
2663297
2666036
1985362
2072598
1878052
1631111
1555321
2964284
2733373
2647868
2502081
2393347
2072298
1873951
1631272
1459359
1291233
1180639
1101149
1027527
957013
641007
500933
500141
357744
354384
319463
319878
290747
306668
306774
266180
244130
217279
192593
166266
2836041
2677972
2541831
2406367
2107596
1899475
1658550
1543137
1329469
1186655
1149488
1052380
1290050
2448076
985135
2676733
2541608
2405178
2093185
1890912
1657755
1462802
1388336
1169091
2677068
2534931
2287016
1996092
2377836
2076006
1944999
2342536
2064741
2372225
1853919
2072521
1877972
1631081
1435467
2896982
2820489
2593770
2662737
2664431
1370731
2509338
1463342
2405167
2090296
1890784
1658192
1462698
1376860
1176866
2814576
2843966
2830013
2830894
2663165
2678508
2405688
2405146
2405153
2090181
1930028
2023718
1656980
1659232
1496950
1785080
1516124
2081447
1515984
1515890
1045658
1515915
646591
338283
2676727
2541596
1891719
2994310
2818187
2676467
2523429
2393132
2181037
1930488
1621841
1457199
1269880
1162678
1080173
2976767
2404962
2050655
1926458
1929101
2175254
2394101
1762828
2087202
2155001
2427376
2095654
1656485
2837126
2684103
2536853
2428955
2095697
1971519
1821748
1497185
944773
1651415
2593783
2910018
2727040
2594449
2457413
2151677
1878022
1577504
1462689
2980137
2795381
2645892
2505906
2348676
1999916
1859983
1403007
1366919
1186699
2973750
2789168
2639108
2500423
2348543
2030613
1859995
1614320
1409944
1287853
1161089
1080829
1023720
938985
570645
381677
345910
313451
288235
262116
236387
215530
2486084
2258056
1999309
1850822
1594139
1626536
1254850
1140104
1065870
940923
376868
313300
2935755
1247721
2834126
2675316
2534190
2442810
2934646
2751496
2944921
2043106
1851322
1592606
2942358
2746285
2632951
2491288
2248371
2107502
1860093
1540358
1530748
1374618
1288107
1132905
1062689
989459
778415
513800
501416
514151
2757757
1385289
1374296
2159576
1755743
1247694
1161252
2906388
2938559
2742647
2594368
2462456
2307636
1999995
1814433
1555816
1378600
1247660
1134680
1067170
990064
1066116
1622103
2810362
2642668
2508222
2386995
2069131
1868497
1641776
1454659
1298091
1164783
1023783
823465
2757384
2492348
2846661
2688412
2542128
2342480
2935334
2957265
2785830
2786567
2628363
2493190
2371574
2371664
2037373
1851600
1613858
1409240
1377999
1152215
1085777
2757290
2633651
2491148
2248341
2007036
1710035
1506270
1378063
1292331
1374688
2405172
2501006
1408620
2980523
1456441
2832099
2688394
2534695
2110217
2162004
1722149
944747
1279740
2910642
2736084
2597176
2460782
2229087
1989240
1806565
1542245
1496046
1378191
1065983
1005847
776322
507670
378344
1416729
2810002
2630397
2486042
2330147
2024676
1809939
1572614
1377980
1274871
1124728
987657
508530
340916
324332
275519
331770
1026763
2793013
2616448
1972457
1855711
1251203
1999927
1836001
1397705
1326571
1890810
2841113
2683467
2535813
2413296
2073276
1900546
1595676
1719030
1600176
1278940
1146269
1065907
986655
844102
366173
508171
335169
283699
310889
304851
372111
283849
283751
2810355
2770287
2765491
2052096
1835957
1936810
1548877
1548879
1879082
1403027
2664633
2501560
2157848
1944796
1837164
1517494
1326257
1230040
1103599
1016540
963900
566500
1016687
2835512
2685342
2536522
2401716
2076501
1921249
1645213
2029932
2639189
2399016
1868914
1463160
1182475
1028014
572020
2491748
1452567
1998642
2500853
1937128
384198
1458484
2814228
2661136
2509578
2384592
2048237
318826
323779
2465823
2685048
2387880
1924943
1855741
1298455
1060289
1251229
296806
238721
1267638
1133905
2503848
2316936
2016716
1936755
2838739
2686612
2541016
2414536
2071536
1952222
1738826
1517744
1324892
1228175
2915368
2089172
1080192
1183579
1096952
2694730
2967938
2628071
2523721
2370816
1854273
1636712
1454115
1299042
1152154
1090956
1025127
942806
645989
645988
517554
520793
522344
522659
882471
224659
647042
647025
174266
122759
68210
2901378
2769458
2601381
2486092
2372596
2060104
2015554
1577959
1381309
1248822
1136644
1069810
1013329
824475
564062
375658
336146
301429
278008
268826
238788
214282
182478
158459
2338967
2002962
1866210
1639622
1390841
1273647
1147403
1971690
1379287
1760894
2940343
2757302
2790282
1837210
1278177
266670
2462029
2024569
1806672
1512475
1251535
1108792
996821
586094
379605
316158
277631
2390867
1651449
1967112
1232425
2000919
1814256
778348
318772
2110205
2940299
2948076
2661435
2662155
2348144
2347635
1900441
1795234
1147261
1011870
2509352
2834976
2688400
2538542
2159352
1713072
1374596
2541614
2088960
2810379
2653481
2507248
2387027
2069063
1868589
1641876
1454609
1298197
1163610
1089803
1023756
2018431
1824749
2847538
2678015
2543728
2426890
2103746
1929501
1706356
1480945
1328408
1244381
1111542
1014007
777388
503032
328690
258993
215465
154630
115865
800199
2820508
2593793
2666048
1985394
1808885
1564601
2029956
2769493
2674396
2504335
2413097
2141622
1839294
1579114
1389586
2517872
2603941
2676870
2020373
1809961
2809890
2663714
2513166
2389686
2065003
1871902
1458550
1316874
2348714
1016527
2662996
2786558
2637113
2465106
2336717
2166956
1814217
1554339
1375696
1255329
1134744
2093328
1509847
2846680
2688204
2414721
2089155
1937117
2908080
2737924
2594291
2491956
2254064
1993498
1806596
1542476
1375581
1250734
1133981
1065010
996841
781131
512529
378795
349299
301618
277650
258915
231379
207110
178243
155090
143095
113445
93542
73141
53990
2717124
2508436
2389661
2820656
2666064
1985484
1808937
2792434
2818302
2525528
2039239
1745438
1376789
1215995
2541568
2428116
2103776
1929529
1707790
1481848
1292597
2578903
2493288
1943226
1753196
1772070
1415472
2883404
2712386
2578948
2442992
2141702
2832087
2088457
2489833
2047403
2512840
2387191
2069087
1868612
1641913
1454630
1298275
1163653
2023598
2933057
2767386
2611462
2484239
2332432
1993806
1835698
1582716
1400751
1281100
1146381
1073814
1011767
872035
571825
383962
343477
301308
277697
259380
248052
224964
197917
164051
135419
112600
93385
72981
62546
41840
10590
323596
800222
800221
800220
2902251
2745754
2594538
2463664
2213556
1989284
1807085
1559795
1376916
1265530
1142351
1065167
1055558
773153
543613
375551
335168
303976
275487
263661
237661
212433
182591
153850
137097
113413
298514
73721
308386
28659
6012
325405
588011
588058
588111
584490
2039312
1595655
2837614
2676726
2535838
2429069
2103656
1926385
1706299
1480881
1328438
1190216
1111037
1040305
964001
604131
503272
360204
325694
292540
268946
263699
237721
199448
174675
158511
143165
99583
75277
96709
73560
41625
512644
318593
800017
567067
582153
567532
567446
567752
512760
512950
800168
512976
512927
1326320
2726935
2567634
2967973
2790449
2643135
2505879
2370776
2003476
1836089
1599410
1389449
1273920
1140335
1069774
1013963
888251
571157
773184
351268
62115
1099384
2972206
2807426
2647508
2500828
2093157
1852761
1596655
1411732
1294325
1168054
2843859
2556464
2689702
2430553
2851141
2688500
2555243
2442516
2145816
1941553
1693453
1504176
1345206
1229428
1122971
1065944
781498
379539
301104
263764
209936
155332
109625
99163
1921151
1592631
1397718
1394622
2972958
2810146
2639490
2499393
2365324
2020390
1868328
1540438
1370788
1268984
1083165
2824823
2688471
266638
218327
166181
2663715
1940747
2687148
1501434
971478
1081407
502125
328712
2064975
1871888
1651343
1458572
2596631
2911151
2745947
2393091
2377576
1865909
1774674
1660877
1541948
1387150
2213598
1966874
2926693
2744680
2602622
2483574
2930056
2752746
2611166
2389148
2873013
2664311
2835857
2815317
2642687
2387218
2069105
1868630
1641944
1454586
1298239
1163673
1089761
1535571
1577222
1185373
2021216
1837856
1626553
1858263
1596473
2945408
2804371
1808877
1151433
2442985
2064969
1456362
1314257
1179494
2737182
2602576
2465478
2304696
2000259
2414729
2896995
2820668
2593801
2666527
2237887
1890683
1562860
1562100
344287
319171
286884
266741
270152
2820678
2593812
2030031
1132983
1435473
1270233
1083174
974614
640075
565196
369133
332306
299432
279069
267521
2820690
2663360
2820704
2666253
1937055
1931390
944592
1096961
1370164
1137620
1147249
2931088
2768405
2612262
2491661
2318916
1988796
2939940
2593822
2666719
1808920
1454247
2365934
1292414
1145735
570186
1921233
1658978
2820990
2959100
2813448
2792838
2645710
2507157
2365952
2043932
1864708
1639714
1454008
1297231
1552526
1868433
2666742
2987354
2801694
2645884
2030686
1860039
1942793
1413918
2851613
2695664
2554850
2480362
2245276
1982185
1774088
1529282
1363686
1244002
1141277
1066677
967900
952532
508791
372202
335603
338407
298151
330560
331697
331119
315891
326619
162754
143559
130069
800239
1562741
2914642
2752952
2613087
2462410
2295136
1998441
1809842
1542207
1377836
1266840
1133058
1063979
990036
775412
507711
373256
1283880
2030045
1929237
2987491
2815782
2664591
2513456
2389836
2072221
1899503
1632149
1456659
1292491
1035053
2821327
2661126
2509916
2390876
2022793
1370888
1461912
1287731
2931002
2804408
2628257
2492494
2338676
1878061
1760267
1180345
1102219
1029102
986858
1596486
1292316
1181195
1123058
1394504
2800986
2660540
2020876
1854153
1601896
1404371
1284480
1150343
1081081
1016568
942808
827246
882483
827245
552517
2928294
2810210
2630407
2487381
2331067
2021164
1923363
1572741
1384429
1944968
2897010
2821339
2593833
2807591
2683593
2503210
2388996
2063384
2148600
2063348
1884643
1654059
1413370
1362622
1188455
1105760
1048933
1048935
762761
582034
370049
331532
509058
509593
369028
224170
602770
169627
147877
125826
110382
76263
62972
2982818
2982850
2786784
2849517
2485895
2422356
2019406
1921427
1599470
1632592
1272690
1218064
1073368
1028523
846276
545261
2489837
2898445
2732516
2600075
1637860
2788539
2643188
2448531
2508244
2461217
1925059
1980462
1921264
2614348
2602161
1090122
1037210
984952
584458
882484
1517632
1270234
1138953
1083183
2030066
1109128
111062
72910
41298
2906363
2764967
2609248
2463596
2236576
1988932
1811212
1543820
1361096
1269843
1140389
800002
800201
2753524
2557696
2348196
1999416
2349508
2367656
1357910
2975954
1518691
1435523
142868
99277
64135
24208
800020
1808981
1569136
1370720
2405186
2876019
1370916
1270235
2663370
1270236
1145319
2830168
2691153
2532352
2821003
2593845
2666759
2897676
2898365
2897053
2821357
2593929
2663546
2666795
1988008
1808984
1370018
1270237
1137677
1270238
1138474
1083190
1985500
1985782
1556904
2667025
1370868
1569137
2667190
2516930
2663575
2667036
1987993
1809085
1556905
2897683
568760
1138063
1082960
2660517
1210525
1108473
2916026
2002375
1863879
2536714
1270239
2837476
1387229
2897022
2821387
1479772
2593850
2667049
1988051
1809111
2484417
2248356
1988630
1809100
1370905
1268985
1137627
1083200
2897829
2821418
2489850
199189
112629
1385486
2897000
2897035
2821404
2598918
2853908
2600289
1281957
1281920
1057432
882370
1988676
1833335
1556906
1370062
1268986
2389707
1147396
1146432
2070337
1879063
1647420
1454474
1315580
1185642
1103846
1032297
958420
589451
507574
319294
289524
317500
324426
97709
2934872
2785956
2619239
2486001
2342356
2018436
1851182
1592568
1402958
1282380
1159913
1080091
1015467
863955
633025
383059
347059
316188
285237
263105
248156
217382
190314
166237
144179
115992
99508
75246
52324
55482
18172
319056
800056
800034
1035237
800081
800092
800103
371626
2839509
2676723
2538862
2445196
2157136
1953163
1734263
1508865
1352135
1227310
1121341
1047344
971300
611892
563340
364447
330908
299649
273133
268084
236452
199688
191029
169070
134510
107004
323410
65293
52964
31820
5600
323287
800039
800038
800066
800037
800140
800126
990555
800130
800106
800104
800107
800144
800284
800183
800010
800155
800185
2775441
2666216
2507065
2379057
2038476
1878450
1621995
1456536
1297144
1166324
1085313
1026533
944868
584955
501516
504800
318372
296336
263367
223984
238215
192506
166025
147001
122778
97426
74311
358922
10563
318723
800018
800060
800065
800297
800296
800295
1734714
1734663
2936744
2897843
2897841
2897826
2929464
2927383
2897824
2945078
2936733
2933540
2929484
2897839
2929490
2745234
2776880
2782782
2786601
2809654
2787626
2775280
2810185
2810177
2785585
2601080
2633956
2614028
2614066
2614208
2601097
2614217
2619195
2614106
2503649
2503541
2504435
2503368
2503512
2461912
2503385
2503673
2504459
2341931
2341920
2341836
2343483
2341925
2343456
2341910
2185520
2342896
2343045
2019342
2018996
2019001
2037636
2047493
2048259
2037692
2037715
2037957
2037703
2037826
1964921
1836786
1836809
1836623
1837101
1834518
1836821
1836845
1837026
1833349
1667265
1667228
1596685
1667239
1597956
1576246
1597983
1599301
1597990
1404435
1400385
1401611
1401132
1400468
1401615
1399504
1400885
1401032
1280120
1278261
1281740
1281500
1282040
1278280
1278400
1275808
1280720
1278780
1278740
1178977
1179196
1185657
1179295
1179133
1179171
1179352
1179622
1179849
1180092
1180098
1179124
1187293
1198555
1187358
1086057
1187297
1186796
1186822
1186954
1187112
1188822
1187335
1185884
1186015
1103900
1186107
1186155
1186554
1186562
1186415
1186223
1186187
1186194
965106
1201775
965400
965333
1242073
2931127
566570
383259
344779
311625
312379
311535
281388
280953
280814
259081
267699
258734
265973
253607
237170
216037
218380
198561
192161
166117
131340
133994
131341
122718
328750
97879
77276
74333
73877
1402242
54852
37401
15922
325334
800031
800059
800064
800224
800250
800249
800248
563858
800187
563274
563732
563182
2835641
2818143
2818466
2818384
2818406
2818427
2816795
2820926
2818419
2818498
2820903
2818517
2668956
2671032
2659467
2669043
2668947
2669047
2670291
2669062
2661229
2668975
2669024
2542256
2542398
2542266
2542284
2508363
2542302
2543651
2542355
2413076
2407603
2407783
2407707
2366145
2407156
2407696
2407746
2024156
2077355
2077356
2077434
2073370
2073304
2077378
1900351
1900264
1900520
1900354
1899950
1882262
1665137
1665208
1665817
1666611
1666778
1667146
1661412
1504229
1504271
1508044
1507713
1457515
2911451
2766462
2600428
2484028
2348283
2009916
1835449
1571941
1390334
1277741
1148170
1076034
1008992
860435
564376
383952
345508
312624
290941
258525
243199
215206
188490
160688
133160
122860
75334
96749
62437
42005
253168
253495
636805
511793
636713
511754
636669
511706
800096
511285
2978192
2808006
2656450
2512276
2380552
2047594
1867651
1631728
1414558
1324302
1168812
1095714
1029533
947121
800268
2896377
2745844
2591971
2465529
2254756
1993744
1811039
1555349
1375457
1254882
1140277
1064212
1005686
781027
511334
378420
339331
301453
277851
258612
233013
223587
183018
166955
133057
107971
98457
75108
55595
29903
317499
317795
800264
800040
1035293
800189
800188
800200
800277
800218
800236
2882903
2723372
2588555
2463676
2213836
1989323
1807167
1559845
1376616
1247480
1142473
1066157
1007568
872757
564691
375663
342009
304182
276304
253260
233269
223784
191839
170035
130283
115790
93597
67544
50202
38713
16894
318898
602259
582192
582353
582318
582250
582095
509252
509404
509383
500080
29650
12276
502874
800226
800230
948632
800004
800229
951762
111048
99412
62453
317559
317164
800219
800069
800074
800088
1113549
2635868
2393596
2025113
1882291
1453101
1181775
1029894
587051
355045
288195
239098
222124
193173
256428
125083
800007
1006147
2855680
2694859
2815546
2661172
2504776
2382456
2070364
1878335
1629501
1449956
1294046
1181216
1099435
1027802
947469
588646
500956
354908
337043
288335
266064
262051
219894
196355
263814
143164
122898
99186
73760
62548
41866
324239
318741
800019
800041
800067
800079
800086
601889
800131
800101
584296
800115
800273
2184356
1610304
2643094
2512734
2263019
2151054
1808143
2947626
2799979
2659651
2523514
2388576
2070425
1854099
1626195
1596495
1568192
1387309
1995412
1862344
1637863
1345535
2663887
2806655
2802558
2038633
2814251
2947357
2633948
2347655
2134224
1811100
1572471
1353610
1231956
1117278
1053355
966747
639929
505348
368640
333032
800225
1217875
781606
566282
376957
304012
267734
218013
164360
112515
569005
1190366
2064988
2534688
2459056
1670412
1512464
2065023
1871985
1878083
2659480
2501025
1731011
1162628
1162618
2631948
2331684
1577190
1277500
2181176
1989656
1852658
2931021
2771284
2614628
2487568
2259051
1809036
1272457
2884435
2722129
2634074
2627817
2095116
2133036
1873601
1496770
1347082
1283383
1109557
1070432
982792
644108
545381
365411
338219
314500
314613
314161
313852
313651
314464
313559
139404
127787
320176
1964858
1413927
1295074
1188895
1138486
1461469
2815400
2830903
2517349
2043556
1629575
1294261
1095810
945445
502034
319151
268998
224056
168619
121132
74850
41457
323647
800217
800216
800215
800214
800213
800009
800212
961053
800001
2890955
2774993
2501604
2335356
2078827
1837110
1572532
1408664
1280680
1143120
1073001
525080
2935764
2755573
2612669
2486159
2312005
1989493
1810479
1583991
1378533
1248377
1148109
1073970
1007912
777412
564870
378580
341800
305619
277651
258492
237502
215399
181014
165231
140901
113379
97444
72935
281035
238020
1866914
1655084
2632362
380921
2814270
2660193
2660252
2509136
2508075
2384716
2384616
2048066
1869459
1640089
1449764
1297027
1167473
1094811
1028976
949305
582419
504282
353171
320384
286936
263698
236337
217838
191080
165854
141936
117954
97945
74877
62083
38765
28697
2095050
2814189
2048147
1869542
1639950
1449814
1297846
1176617
1094855
1028664
949344
985072
604251
367845
346852
274567
260094
260028
260303
157709
143773
127056
319016
67386
62138
1408647
1233843
1839778
1629255
1364901
1236246
1128888
1060244
2646584
2071880
1868470
1667502
1503402
2821429
2808117
2666620
2516760
2381934
2046614
2420936
2801676
2627788
2491246
1462014
1026633
1878101
1631127
2804381
2661685
2501535
2024645
1137842
1458583
2068976
1379272
1878116
375212
303008
258366
211782
1036921
2821445
2382536
2046582
1867635
1655108
1456455
1314354
1179474
2897518
2746539
2591796
2488608
2213977
1993636
1806689
1536414
1374376
1250790
1132516
1060590
1007352
780542
509907
380752
335305
301250
276698
258533
237814
225058
195058
167088
129712
103418
100216
73007
62212
28395
12130
22145
800057
800061
800070
800076
800141
800135
800133
800105
800113
800116
800119
800125
800152
800157
800161
800169
1570506
1868048
2983310
2788940
2659766
2491367
1985429
1809175
1556907
1006091
1006114
1006032
945191
945314
2451716
2756755
2079360
2630602
2484712
2237867
1999299
1655121
1456492
1314418
1180367
1103022
1111348
1651437
1294917
32439
800206
800205
800204
800005
2928275
2757667
2611354
2485732
2367589
1987816
1815695
1534530
2809826
2665936
1866898
1655062
2018556
1836135
1581073
1401843
1274940
1183316
2774975
2661103
2913712
2755644
2608029
2465848
2287036
1996109
1387329
1655077
1460877
2378023
2809695
2668332
2517351
2426656
2070942
1869983
1644038
1460412
1322263
1182807
1098918
1031495
958491
2307874
2350182
2003653
1601966
2656719
2873021
2664323
2500004
2339453
2048536
2980147
2797044
2987550
2806777
2670979
2523616
2391229
2038916
1807128
2582112
2462356
2261250
1998196
1810959
1542362
1377676
1247069
1137856
1064092
997817
777792
513400
378583
336154
304893
276884
262839
237218
220279
177424
160985
142675
109648
98524
73833
73393
41958
10515
323233
1496630
2833258
2676585
2542050
2350716
2069216
1852611
2632188
1595836
1578002
1435497
1879211
1409720
1148493
1056018
774833
2975961
2384416
2500034
2389636
1878537
1639809
1400549
1404595
1404680
1404803
1562090
1456469
1314313
1179559
1103780
1833280
1122935
1045446
1234388
1565799
1347787
1095242
948542
2482949
1855795
1562814
1324249
1089933
846241
1028128
645876
1029693
1028104
1029762
1027014
1029718
1029786
589411
1390832
1145718
120807
75308
2030080
1987856
1556908
1107656
2839462
2677199
2540930
2460625
2148131
1935701
1709886
1517664
1347390
1226969
2821464
2016741
1838574
980190
2103786
1929553
1708016
1481861
1190315
1040294
604174
2809936
1183535
1330588
2499634
2346616
2048476
2667062
1984708
2897134
269629
240678
376503
216591
197694
170657
143557
149576
149584
126551
255471
76619
74261
2524211
2618137
1651461
1138046
2489295
1463563
1290031
2932206
2745197
2602299
1390576
2808414
2666141
2517300
2821481
2593861
2976022
1610555
1659029
2030092
1089827
1531666
2811271
1722156
2512875
2984511
2815585
2807442
2642918
2658779
2501988
2508468
2380296
2380116
2046396
2047196
1866218
1866029
1622176
1449715
1294211
1166253
1095034
1029632
964696
571985
502348
354401
320719
288392
263407
237091
215585
192426
168642
142621
120782
97924
73660
62402
1370700
2666242
1765175
1767297
1024273
1816112
1552486
1384209
1272980
2667089
1453805
2390895
2072652
2971648
2968219
2800835
2750858
2632048
2638728
2494091
2493432
2370216
2030112
1864431
1864349
1620545
1409635
1771592
2166283
2156905
647988
647987
2030100
1739268
1376971
1102613
1050873
2535571
1838544
2513549
2505821
2346496
2413236
2835022
2667081
2897045
1562849
2482967
2307888
2030698
1860058
1614269
1410043
1287748
1161064
1080754
1023875
2631675
2489861
2384470
1549822
2384301
2384344
2384368
584993
1518684
2892242
2731186
2576195
2451512
2151024
1952682
1735997
1508293
1346256
1254810
1134760
1064979
2386472
827051
2535800
1865841
1032664
1081432
602099
601671
375213
319351
288216
266989
244979
832271
951087
949845
949685
949607
949531
1851399
1592648
2384225
769922
2981548
2801073
2643164
1325851
1182635
1083592
1316689
1315451
1287369
645927
645926
645925
645924
645923
645922
645921
645920
645919
645918
645917
645916
88830
645915
645914
645913
1286760
645912
645911
645910
1286831
1286887
1286711
1286643
1286580
1286937
1282480
1878137
1946284
2131753
2542142
2414740
1941054
1711506
1507504
1230136
1655148
1456482
1461893
2835238
2688457
2817675
2670473
2534329
2407516
2087756
1900179
1670252
1477862
1128923
1044588
330160
299246
271897
253437
217306
2821592
2671015
2503713
2407336
1889863
1643928
1450579
1315184
1180495
1101616
1077534
1008653
585740
505008
502390
323663
293701
261135
1178782
1099396
1026799
2835075
2755979
2465829
2287056
1996121
1555336
1408654
1308175
584110
353888
288126
236226
197938
147130
99307
329129
2631846
1345263
2151688
1698822
1190095
2451617
2161996
1961359
2676652
1179576
1029208
2671491
2517957
2379690
2016904
1850795
2342541
2018602
2899475
2745555
2596695
2461121
2207016
1969289
1805986
1535654
1368044
1243441
1133219
1061811
990657
295665
2832105
2691158
197978
260096
257683
134494
327011
326490
339938
339771
339665
325612
325644
1083217
2752489
2425296
1791194
982507
2795122
1275633
1275620
1275604
1275571
1275521
1275462
1275240
1275215
1275182
1275176
1275165
1275152
1275143
1275225
2910925
2597959
2247569
1989622
1806512
1536274
1085099
2659522
1080139
2501585
1353673
2666990
1454268
2832920
2829957
2530544
2077370
1930277
2818362
2668322
2527317
2072274
1873548
1719010
1631716
2897695
2821491
2593868
2669379
1985374
1809223
1370847
1083231
2031325
1883133
1645406
2808098
2633628
2502488
2364394
2036918
1863495
1596614
1411318
1159861
2811780
2668883
2534088
2448096
2077546
1921081
2830556
2688424
2535557
2088256
1645413
1331740
1248823
1092358
1025132
946251
2682647
2682648
2682646
2568488
2568493
2568492
2457524
2457525
2457523
2052138
2052136
2052137
1913793
1913790
1913791
1632190
1632191
1632189
1486927
1487103
1487207
1339264
1194670
1460047
1234161
1772938
1526993
1458527
2389936
1651587
1458502
1316902
1183550
1097047
1031453
956699
584931
502932
319759
1251516
1251503
1577769
1614293
2808128
2663876
2502069
2346676
2647648
1137661
1029997
1655168
2661714
1789374
1763190
1045405
1161023
1080730
1024733
941326
570705
381461
2823465
381472
1330572
1054943
1551693
2069117
1454573
1298216
1163698
1089737
2915371
2756509
2630777
1190455
1640377
2823363
2632168
2338966
2002951
1868321
2134243
1401827
1270242
1138912
1083246
2830018
2691166
2822332
2691175
2534248
2110497
1645164
1273360
1314389
1179542
1103626
1029618
948187
2686745
2342549
1592665
1397735
2693561
1712605
1383559
1216993
1071021
974044
584369
350391
287318
1075405
582128
1083258
1139359
570790
605991
345867
313256
288338
2935651
2753497
2611264
2808138
2665943
2517840
2381966
2046556
1866919
1655188
1456403
1314333
1179601
1102199
1029179
1005140
644527
2870650
2568058
1413901
1953563
1314483
1366224
1592681
2541348
2328876
1984732
1636642
2307819
1967428
1798354
2888619
2693848
2675983
2429759
2431518
2433508
1995456
1516744
1351542
1218112
1162708
1161734
1030818
1030453
564124
510378
324138
324898
293172
268437
256562
224401
193201
256563
167293
304238
328885
76738
318123
318371
318242
21850
800013
800044
800043
1035853
1035909
800072
800080
800286
800089
800134
800288
800252
800251
800289
800108
800287
800290
800293
800294
1507509
2835776
2684822
2556195
2433396
2124295
1935826
1718487
1498759
1341531
2072609
1878151
1631144
1631135
941350
570738
1229384
1146374
2903185
564526
1527033
2872518
2872427
2740908
2736277
2567948
2566486
2487788
2488388
2187980
2187836
1963192
1963405
1772690
1526709
1367497
1242572
1135777
1060745
1062745
1013367
988672
775152
511446
371920
1833398
2935643
2753509
2663792
2512405
2389656
2945292
2775292
2628588
2466533
2338714
2010425
1836049
1559764
1394209
1229390
1122591
1050491
985040
636593
504502
363361
2932194
2767109
1859127
1017074
1348549
2820426
2664551
2526188
2382636
1858477
1809980
1666091
1186595
1114223
1984701
1809198
2908131
2786451
2615569
2464464
2380718
2527031
1379157
1540373
2633661
1410064
2980159
2643230
2505469
2348688
2030718
1860079
1410077
1287767
1160987
1161289
1080793
1023646
941311
570681
2939918
2766498
2627393
2462096
2185448
1998412
1741866
1514274
1352533
1234247
1072430
2491055
2462932
2038558
1832772
1641309
1822258
1296951
1149453
1104973
2024587
1370099
1270241
1137702
1083292
2831296
2671490
2532378
2398936
2076569
1868812
1654130
1410107
1287812
1161039
2931028
2771774
2481268
2246056
2212736
1328158
968559
764792
2912160
2757401
2612733
2479724
2307729
2037556
1809874
1556176
1367832
1248460
1146598
1065226
1124191
1123196
1123098
1123075
2934328
2939912
2768510
2602044
2487166
2208828
2318716
1791314
1363217
1836029
1299015
1877922
1328279
1188835
1117696
1066129
965660
1592700
1328491
2132176
1940761
1460027
2983563
2837185
2684200
2539150
2428736
2095536
1967486
1806338
1497308
2396276
2064942
1859964
1107548
62882
